2
3
13
13
17
19
29
31
31
43
61
73
79
79
89
89
103
109
137
151
157
167
179
199
233
263
269
271
271
293
317
337
347
367
373
379
409
409
419
421
431
433
449
461
461
463
463
463
467
487
487
487
491
499
509
521
523
547
569
571
601
631
631
641
653
701
719
761
761
787
827
863
877
877
887
887
911
919
937
967
967
971
1009
1013
1061
1091
1093
1103
1109
1109
1151
1153
1181
1187
1187
1187
1217
1223
1223
1229
1231
1231
1231
1237
1283
1283
1297
1307
1321
1367
1373
1373
1439
1459
1481
1483
1511
1511
1523
1531
1543
1549
1553
1567
1567
1571
1607
1621
1621
1637
1637
1663
1669
1699
1721
1741
1753
1753
1787
1789
1789
1801
1831
1847
1861
1867
1871
1873
1879
1879
1889
1889
1901
1907
1931
1933
1979
1987
1993
1997
1997
2
5
5
7
7
11
13
17
17
19
29
41
41
43
43
53
61
61
71
71
109
113
113
139
151
163
167
167
193
197
223
227
227
239
257
269
277
311
337
347
349
353
353
373
383
389
409
457
479
509
521
521
557
563
569
569
587
599
631
641
641
641
643
647
673
677
701
709
727
733
739
739
743
751
757
809
811
823
839
839
839
857
877
881
883
907
911
937
937
947
967
983
991
997
997
1009
1013
1021
1031
1031
1033
1051
1087
1087
1087
1103
1103
1117
1123
1129
1151
1171
1171
1181
1187
1193
1201
1213
1217
1223
1277
1291
1303
1327
1367
1373
1381
1427
1447
1489
1511
1511
1523
1567
1567
1627
1693
1697
1709
1721
1733
1747
1759
1759
1777
1777
1787
1801
1801
1831
1847
1867
1867
1873
1879
1901
1949
1949
1949
1951
1951
1979
1999
1999
7
7
17
23
23
29
29
31
37
43
43
47
47
71
97
101
127
127
131
173
179
181
191
211
223
227
233
239
241
251
251
263
263
271
277
281
331
337
359
373
373
379
383
421
457
463
467
487
491
499
503
523
557
569
571
601
643
643
643
677
683
701
751
757
757
757
761
787
821
863
883
883
929
971
971
971
991
1009
1013
1019
1021
1021
1021
1039
1049
1051
1051
1051
1061
1063
1069
1087
1097
1151
1153
1181
1187
1229
1229
1259
1283
1283
1291
1297
1327
1361
1373
1381
1433
1439
1453
1459
1483
1531
1543
1567
1567
1567
1607
1609
1619
1619
1627
1637
1637
1699
1699
1709
1723
1747
1777
1783
1787
1789
1801
1801
1861
1877
1907
1949
1951
1979
1979
1979
1987
1999
1999
2
5
5
17
23
83
83
113
131
131
131
149
167
173
191
197
211
227
239
251
271
283
293
307
311
311
311
313
313
353
359
367
373
379
379
383
397
421
443
449
463
463
467
487
569
569
569
571
577
587
613
619
631
631
641
641
641
643
653
673
683
691
719
727
743
769
773
797
821
821
877
919
919
941
967
967
983
997
1009
1031
1031
1033
1049
1051
1051
1051
1063
1069
1087
1117
1153
1153
1171
1201
1229
1237
1237
1259
1259
1301
1307
1319
1319
1367
1373
1381
1409
1423
1429
1439
1451
1471
1481
1489
1511
1559
1567
1571
1579
1597
1597
1621
1627
1627
1657
1663
1667
1699
1721
1741
1747
1753
1777
1787
1801
1811
1831
1847
1861
1877
1879
1913
1931
1973
1987
2
3
3
11
11
13
31
37
37
37
43
47
53
71
89
97
107
113
113
139
149
149
163
167
179
179
229
239
239
241
241
251
257
263
263
269
277
277
283
353
359
367
379
389
397
409
421
439
449
461
463
463
521
521
541
547
547
557
557
563
571
571
631
641
647
659
661
661
661
673
677
683
719
719
743
769
787
797
821
823
827
839
857
859
881
883
883
883
883
883
883
911
919
929
937
941
941
953
967
967
983
983
991
997
1013
1039
1049
1061
1063
1069
1087
1091
1097
1097
1103
1109
1109
1129
1129
1153
1171
1201
1213
1217
1231
1237
1249
1249
1277
1279
1303
1361
1373
1381
1399
1399
1409
1423
1429
1429
1447
1451
1451
1453
1453
1481
1481
1493
1493
1511
1523
1543
1549
1553
1579
1583
1601
1607
1607
1621
1627
1637
1663
1667
1699
1709
1709
1709
1721
1721
1733
1733
1741
1747
1753
1759
1783
1787
1789
1789
1847
1871
1871
1877
1901
1901
1949
1979
2
5
5
11
13
19
19
19
53
53
61
61
67
67
71
97
103
107
113
137
163
167
167
173
173
229
239
241
241
251
251
257
263
269
277
281
293
331
359
383
389
389
389
397
431
433
443
457
487
491
503
509
521
569
569
599
607
617
619
641
647
659
659
673
733
751
757
757
769
811
823
863
863
881
881
887
887
907
907
911
937
941
977
1009
1051
1061
1063
1063
1069
1093
1117
1123
1129
1163
1171
1181
1213
1223
1229
1237
1249
1249
1283
1289
1297
1303
1307
1319
1327
1367
1381
1409
1409
1409
1429
1429
1439
1451
1453
1471
1483
1499
1553
1571
1571
1597
1601
1601
1613
1621
1627
1669
1669
1669
1697
1721
1733
1741
1747
1747
1759
1759
1777
1783
1787
1789
1907
1907
1913
1931
1931
1931
1951
1973
1987
1993
1997
1999
3
7
7
13
13
17
29
41
47
59
67
71
71
71
89
109
109
127
137
149
151
157
167
191
197
197
211
223
239
239
241
257
257
281
283
283
283
307
317
331
347
359
373
379
383
389
433
443
457
457
457
463
463
479
521
521
523
541
547
547
557
557
587
601
607
619
641
641
643
643
647
701
727
739
757
769
773
773
823
827
839
853
883
911
911
929
941
947
947
983
997
1013
1033
1049
1091
1091
1091
1129
1151
1153
1153
1201
1217
1223
1231
1231
1231
1237
1237
1237
1249
1249
1259
1303
1307
1307
1361
1381
1399
1399
1427
1439
1447
1447
1499
1523
1523
1559
1571
1579
1607
1607
1613
1637
1637
1637
1637
1657
1667
1709
1753
1753
1759
1777
1777
1777
1789
1789
1823
1861
1867
1871
1877
1877
1931
1949
1973
1979
1987
5
7
13
31
37
43
47
59
67
73
73
83
89
97
101
101
127
139
149
151
157
179
199
211
211
223
229
229
233
233
241
263
271
283
311
313
349
349
359
367
389
433
467
487
499
499
503
509
523
547
569
569
577
587
593
593
599
619
641
641
643
643
647
659
661
691
701
709
719
719
727
727
733
743
743
751
751
769
769
773
787
809
811
811
811
823
839
853
859
877
881
883
919
919
929
971
983
1031
1033
1033
1039
1061
1069
1091
1109
1117
1151
1229
1229
1231
1237
1237
1249
1259
1283
1289
1297
1307
1319
1321
1361
1367
1373
1399
1409
1409
1427
1429
1447
1447
1459
1459
1471
1481
1531
1531
1553
1571
1583
1597
1627
1637
1657
1663
1663
1697
1699
1699
1699
1733
1733
1741
1747
1759
1777
1787
1811
1831
1831
1831
1831
1831
1889
1889
1951
1979
1987
1999
3
7
11
11
17
23
37
41
47
89
103
107
107
127
131
137
139
149
151
173
181
199
211
211
227
229
229
239
257
257
263
269
271
271
277
281
317
331
349
353
379
389
401
457
457
463
467
467
479
487
499
503
547
557
571
577
577
587
601
613
619
643
643
643
659
659
673
673
701
701
739
743
743
743
761
761
797
809
859
877
887
911
911
919
929
947
967
977
977
983
1009
1049
1049
1049
1069
1093
1097
1123
1129
1151
1163
1163
1163
1171
1187
1193
1229
1229
1237
1321
1361
1367
1373
1373
1423
1433
1439
1451
1451
1487
1487
1489
1493
1493
1543
1583
1613
1621
1667
1669
1721
1721
1753
1753
1759
1789
1811
1823
1871
1879
1879
1913
1931
1931
1949
1949
1987
1993
1997
1999
3
13
23
29
29
31
47
59
61
67
103
107
107
163
167
167
181
181
181
199
199
227
229
229
239
251
257
269
277
283
283
283
293
307
313
317
317
347
349
367
389
421
431
433
449
457
463
467
479
499
503
521
563
569
593
613
613
641
647
653
659
659
661
673
683
701
719
727
727
733
743
751
761
797
811
821
821
853
857
863
907
911
919
919
997
1013
1021
1021
1033
1039
1039
1051
1051
1061
1061
1069
1109
1117
1123
1129